yy Է zs  qy ԰ xq 
//////-------------------/////////////////
yy 1 30.511470,114.432596
yy 2 30.511783,114.432732
yy 3 30.512213,114.432778
yy 4 30.512606,114.432765
yy 5 30.512606,114.432765
yy 6 30.514870,114.432102
yy 7 30.514778,114.432947
yy 8 30.515208,114.432191
yy 9 30.515208,114.432191
yy 10 30.515490,114.432915
yy 11 30.515425,114.433457
yy 12 30.515855,114.432604
yy 13 30.514213,114.433852
yy 14 30.514121,114.434898
yy 15 30.514014,114.436325
yy 16 30.514333,114.433884
yy 17 30.514269,114.434973
yy 18 30.514199,114.436186
yy 19 30.514148,114.436829
yy 20 30.514634,114.434056
yy 21 30.515003,114.433831
yy 22 30.515284,114.434417
yy 23 30.515598,114.434325
yy 24 30.515811,114.433301
yy 25 30.515968,114.434116
yy 26 30.516176,114.433333
yy 27 30.516176,114.433333
zs 1 30.511208,114.404215
zs 2 30.511808,114.404129
zs 3 30.511115,114.403421
zs 4 30.511226,114.403410
zs 5 30.511713,114.403314
zs 6 30.512009,114.403389
zs 7 30.511029,114.402466
zs 8 30.511186,114.402434
zs 9 30.511186,114.402434
zs 10 30.512129,114.402402
zs 11 30.510918,114.401737
zs 12 30.511084,114.401694
zs 13 30.511583,114.401608
qy 1 30.510650,114.421440
qy 2 30.512120,114.420453
qy 3 30.511750,114.419520
qy 4 30.512203,114.419627
qy 5 30.512397,114.417782
qy 6 30.511158,114.421558
qy 7 30.511638,114.421580
qy 8 30.511693,114.420421
qy 9 30.512387,114.421730
qy 10 30.511924,114.421676
qy 11 30.511638,114.421623
qy 12 30.511160,114.421549
qy 13 30.510855,114.421474
xq 1 30.514603,114.406716
xq 2 30.515056,114.406566
xq 3 30.513623,114.406319
xq 4 30.514958,114.405676
xq 5 30.513507,114.408615
xq 6 30.514736,114.405831
xq 7 30.514112,114.409858
xq 8 30.514704,114.408528
xq 9 30.515074,114.408571
xq 10 30.514796,114.407777
xq 11 30.515259,114.407755
xq 12 30.514344,114.407959
xq 13 30.514066,114.407991