x 1 Î÷1Â¥
n 1 ÄÏÒ»

//---------------------//
x 1 30.511071,114.406865
x 2 30.510434,114.407895
x 3 30.510184,114.408882
x 4 30.511367,114.409300
x 5 30.510545,114.410051
x 6 30.510101,114.410041
x 7 30.510914,114.406060
x 8 30.510646,114.406382
x 9 30.509851,114.407101
x 12 30.509036,114.407995
n 1 30.509519,114.413549
n 2 30.509500,114.411414
n 3 30.510073,114.411596
n 4 30.509389,114.410996
n 5 30.509001,114.415770
n 6 30.508751,114.415705
d 1 30.512181,114.415963
d 2 30.511589,114.415416
d 3 30.511478,114.416510
d 4 30.511312,114.418152
d 5 30.511783,114.418162
d 6 30.510924,114.417615
d 7 30.510850,114.418538
d 8 30.512892,114.416027
d 9 30.512128,114.434007
d 12 30.513409,114.427152